0.000000000000000000e+00 1.000000000000000000e+00
-8.407119541828171616e-02 9.957945415844160486e-01
-1.676839138317491318e-01 9.832010266020911882e-01
-2.503646109325121660e-01 9.622887936067496817e-01
-3.316106666816270310e-01 9.331758798684626210e-01
-4.108785131940554392e-01 8.960325449102917172e-01
-4.875749978925038031e-01 8.510858286981639598e-01
-5.610530755859819418e-01 7.986247660174239371e-01
-6.306128505359329672e-01 7.390057720863523194e-01
-6.955088048922342114e-01 6.726576204695768890e-01
-7.549637139531297780e-01 6.000853661274987427e-01
-8.081892411959731293e-01 5.218725403303889898e-01
-8.544125397908916009e-01 4.386809770254507246e-01
-8.929074197285572501e-01 3.512477354756525783e-01
-9.230278753672194192e-01 2.603787668661248222e-01
-9.442411477311517531e-01 1.669392259523939659e-01
-9.561571687637453465e-01 7.184063076850111251e-02
-9.585513203699299600e-01 -2.397461180985736157e-02
-9.513779886961100107e-01 -1.195505137066669166e-01
-9.347733561119428991e-01 -2.139356387116164160e-01
-9.090471049978562368e-01 -3.062009575885169532e-01
-8.746639966923540621e-01 -3.954563542045340663e-01
-8.322174090814877800e-01 -4.808648662816528141e-01
-7.823976834537038627e-01 -5.616539945797092148e-01
-7.259584473425186868e-01 -6.371237190861704924e-01
-6.636839478839905437e-01 -7.066511743248307109e-01
-5.963599385787068385e-01 -7.696922172253102268e-01
-5.247499509893596148e-01 -8.257803409098294356e-01
-4.495780011744890947e-01 -8.745235318287789550e-01
-3.715180535608239576e-01 -9.155997354333191840e-01
-2.911899739095175632e-01 -9.487515969462008147e-01
-2.091612821288454105e-01 -9.737810944662763646e-01
-1.259537594563427398e-01 -9.905445986365200017e-01
-4.205384143388303519e-02 -9.989487914661501211e-01
4.207430532007516016e-02 -9.989477678104432545e-01
1.259741119232538342e-01 -9.905415332248443949e-01
2.091814080797585740e-01 -9.737760041499097241e-01
2.912097511503209946e-01 -9.487445104142211427e-01
3.715373498996858981e-01 -9.155906940728031351e-01
4.495966723088610784e-01 -8.745125908379034474e-01
